POS 185357 568696584 -1096336064 49002 1 2 3 568697509 -1096336329 48951 1 2 3
POS 185358 568696638 -1096336042 48997 1 1 3 568697547 -1096336376 48950 1 2 3
POS 185359 568696737 -1096336014 48990 1 2 3 568697589 -1096336431 48948 1 2 3
POS 185400 568696894 -1096336000 48980 1 2 3 568697659 -1096336539 48946 1 2 3
POS 185401 568697042 -1096336020 48973 1 1 3 568697752 -1096336724 48943 1 2 3
POS 185402 568697149 -1096336056 48968 1 2 3 568697820 -1096336920 48944 1 2 3
POS 185403 568697251 -1096336108 48965 1 2 3 568697859 -1096337074 48946 1 2 3
POS 185404 568697384 -1096336200 48956 1 1 3 568697885 -1096337228 48947 1 2 3
POS 185405 568697516 -1096336332 48951 1 1 3 568697904 -1096337443 48949 1 2 3
POS 185406 568697635 -1096336495 48946 1 2 3 568697901 -1096337679 48954 1 2 3
POS 185407 568697723 -1096336659 48944 1 1 3 568697874 -1096337915 48961 1 2 3
POS 185408 568697780 -1096336796 48945 1 2 3 568697829 -1096338113 48967 1 2 3
POS 185409 568697816 -1096336897 48944 1 2 3 568697783 -1096338258 48974 1 2 3
POS 185410 568697829 -1096336939 48946 1 1 3 568697745 -1096338356 48979 1 2 3
POS 185412 568697791 -1096336825 48942 1 1 3 568697742 -1096338362 48978 1 2 3
POS 185413 568697773 -1096336775 48942 1 1 3 568697772 -1096338287 48974 1 2 3
POS 185414 568697765 -1096336754 48943 1 1 3 568697791 -1096338237 48970 1 2 3
POS 185415 568697762 -1096336744 48944 1 1 3 568697798 -1096338216 48970 1 2 3
POS 185416 568697762 -1096336743 48946 1 1 3 568697802 -1096338206 48970 1 2 3
POS 185417 568697766 -1096336756 48946 1 1 3 568697803 -1096338205 48971 1 2 3
POS 185418 568697768 -1096336762 48944 1 1 3 568697798 -1096338218 48973 1 2 3
POS 185419 568697769 -1096336770 48944 1 1 3 568697795 -1096338225 48972 1 2 3
POS 185420 568697776 -1096336792 48943 1 1 3 568697792 -1096338232 48971 1 2 3
POS 185421 568697789 -1096336816 48945 1 1 3 568697781 -1096338254 48972 1 2 3
POS 185422 568697787 -1096336813 48946 1 2 3 568697777 -1096338278 48975 1 2 3
POS 185423 568697768 -1096336761 48945 1 1 3 568697776 -1096338275 48975 1 2 3
POS 185424 568697725 -1096336665 48946 1 1 3 568697794 -1096338224 48972 1 2 3
DO bucketSim dump
POS 185425 568697656 -1096336531 48947 1 2 3 568697826 -1096338120 48968 1 2 3
POS 185426 568697552 -1096336377 48949 1 1 3 568697865 -1096337961 48962 1 2 3
POS 185427 568697413 -1096336226 48955 1 1 3 568697896 -1096337749 48956 1 2 3
POS 185428 568697257 -1096336111 48962 1 2 3 568697906 -1096337494 48952 1 2 3
POS 185429 568697094 -1096336036 48969 1 2 3 568697885 -1096337240 48947 1 2 3
POS 185430 568696930 -1096336004 48977 1 2 3 568697840 -1096336996 48944 1 2 3
POS 185431 568696788 -1096336005 48987 1 1 3 568697769 -1096336772 48945 1 2 3
POS 185432 568696684 -1096336028 48994 1 1 3 568697691 -1096336597 48947 1 2 3
POS 185433 568696625 -1096336045 48997 1 2 3 568697622 -1096336481 48947 1 2 3
POS 185434 568696593 -1096336059 49002 1 2 3 568697580 -1096336415 48949 1 2 3
POS 185435 568696568 -1096336070 49003 1 2 3 568697554 -1096336384 48951 1 2 3
POS 185436 568696557 -1096336076 49003 1 1 3 568697534 -1096336357 48950 1 2 3
POS 185437 568696564 -1096336071 49002 1 1 3 568697526 -1096336348 48950 1 2 3
POS 185438 568696572 -1096336068 49000 1 1 3 568697532 -1096336357 48950 1 2 3
POS 185439 568696577 -1096336065 49002 1 1 3 568697539 -1096336364 48951 1 2 3
POS 185441 568696672 -1096336032 48996 1 2 3 568697557 -1096336389 48950 1 2 3
POS 185442 568696808 -1096336004 48985 1 1 3 568697614 -1096336468 48948 1 2 3
POS 185443 568697004 -1096336013 48975 1 1 3 568697702 -1096336622 48947 1 2 3
POS 185444 568697238 -1096336098 48963 1 1 3 568697803 -1096336871 48945 1 2 3
POS 185446 568697618 -1096336469 48949 1 1 3 568697905 -1096337562 48954 1 2 3
POS 185447 568697725 -1096336660 48945 1 1 3 568697879 -1096337880 48961 1 2 3
POS 185448 568697781 -1096336793 48942 1 2 3 568697830 -1096338113 48966 1 2 3
DO bucketSim dig
POS 185449 568697798 -1096336837 48939 1 2 3 568697786 -1096338255 48971 1 2 3
POS 185450 568697779 -1096336799 48945 1 2 3 568697769 -1096338299 48970 1 2 3
POS 185451 568697748 -1096336718 48948 1 1 3 568697780 -1096338261 48974 1 2 3
POS 185452 568697724 -1096336661 48946 1 2 3 568697809 -1096338178 48973 1 2 3
POS 185453 568697718 -1096336646 48946 1 2 3 568697829 -1096338115 48968 1 2 3
POS 185454 568697723 -1096336654 48945 1 2 3 568697834 -1096338099 48967 1 2 3
POS 185455 568697724 -1096336660 48944 1 2 3 568697833 -1096338107 48967 1 2 3
POS 185456 568697721 -1096336654 48946 1 2 3 568697830 -1096338114 48967 1 2 3
POS 185457 568697717 -1096336646 48947 1 1 3 568697831 -1096338108 48968 1 2 3
POS 185458 568697724 -1096336658 48946 1 1 3 568697833 -1096338098 48968 1 2 3
POS 185459 568697734 -1096336682 48945 1 1 3 568697830 -1096338113 48967 1 2 3
POS 185500 568697754 -1096336720 48945 1 2 3 568697822 -1096338140 48970 1 2 3
POS 185501 568697753 -1096336722 48945 1 1 3 568697811 -1096338180 48971 1 2 3
POS 185502 568697725 -1096336669 48947 1 2 3 568697810 -1096338182 48971 1 2 3
POS 185503 568697671 -1096336556 48945 1 1 3 568697825 -1096338124 48970 1 2 3
POS 185504 568697582 -1096336414 48948 1 2 3 568697859 -1096337992 48963 1 2 3
POS 185505 568697448 -1096336259 48953 1 1 3 568697889 -1096337806 48958 1 2 3
POS 185506 568697282 -1096336125 48961 1 1 3 568697906 -1096337556 48952 1 2 3
POS 185507 568697099 -1096336037 48969 1 1 3 568697892 -1096337276 48947 1 2 3
POS 185508 568696916 -1096336001 48980 1 1 3 568697841 -1096337001 48945 1 2 3
POS 185509 568696765 -1096336010 48990 1 1 3 568697762 -1096336755 48946 1 2 3
DO bucketSim dump
POS 185510 568696668 -1096336032 48995 1 1 3 568697676 -1096336572 48948 1 2 3
POS 185512 568696572 -1096336069 49003 1 1 3 568697568 -1096336404 48950 1 2 3
POS 185513 568696583 -1096336062 49003 1 1 3 568697538 -1096336365 48952 1 2 3
POS 185514 568696579 -1096336064 49000 1 1 3 568697547 -1096336372 48951 1 2 3
POS 185515 568696545 -1096336080 49001 1 1 3 568697544 -1096336366 48949 1 2 3
POS 185516 568696519 -1096336094 49005 1 1 3 568697515 -1096336332 48951 1 2 3
POS 185517 568696544 -1096336082 49007 1 1 3 568697495 -1096336308 48951 1 2 3
POS 185518 568696590 -1096336062 49003 1 1 3 568697515 -1096336339 48954 1 2 3
POS 185519 568696667 -1096336033 48997 1 2 3 568697551 -1096336387 48952 1 2 3
POS 185520 568696809 -1096336003 48987 1 1 3 568697610 -1096336466 48950 1 2 3
POS 185521 568697010 -1096336013 48973 1 1 3 568697703 -1096336620 48946 1 2 3
POS 185522 568697252 -1096336104 48960 1 1 3 568697807 -1096336875 48943 1 2 3
POS 185523 568697472 -1096336283 48952 1 1 3 568697887 -1096337225 48944 1 2 3
POS 185524 568697645 -1096336514 48947 1 2 3 568697905 -1096337599 48952 1 2 3
DO bucketSim dig
POS 185525 568697765 -1096336766 48948 1 1 3 568697867 -1096337939 48965 1 2 3
POS 185526 568697842 -1096337000 48946 1 2 3 568697791 -1096338228 48975 1 2 3
POS 185527 568697879 -1096337154 48943 1 2 3 568697699 -1096338447 48983 1 2 3
POS 185528 568697887 -1096337197 48943 1 2 3 568697633 -1096338570 48987 1 2 3
POS 185529 568697881 -1096337179 48945 1 2 3 568697614 -1096338602 48989 1 2 3
POS 185530 568697868 -1096337112 48946 1 1 3 568697621 -1096338589 48988 1 2 3
POS 185531 568697857 -1096337060 48944 1 1 3 568697651 -1096338538 48988 1 2 3
POS 185532 568697858 -1096337048 48945 1 2 3 568697675 -1096338496 48984 1 2 3
POS 185533 568697849 -1096337021 48946 1 1 3 568697681 -1096338487 48983 1 2 3
POS 185534 568697838 -1096336972 48945 1 1 3 568697692 -1096338465 48984 1 2 3
POS 185535 568697824 -1096336924 48944 1 2 3 568697714 -1096338423 48981 1 2 3
POS 185536 568697818 -1096336909 48947 1 1 3 568697734 -1096338380 48980 1 2 3
POS 185537 568697810 -1096336885 48946 1 2 3 568697740 -1096338366 48981 1 2 3
POS 185538 568697789 -1096336821 48941 1 1 3 568697749 -1096338344 48979 1 2 3
POS 185539 568697747 -1096336712 48942 1 2 3 568697772 -1096338283 48971 1 2 3
POS 185540 568697677 -1096336568 48941 1 2 3 568697811 -1096338171 48968 1 2 3
POS 185541 568697575 -1096336407 48951 1 1 3 568697855 -1096338008 48966 1 2 3
POS 185542 568697436 -1096336244 48955 1 2 3 568697891 -1096337793 48961 1 2 3
POS 185543 568697269 -1096336116 48962 1 1 3 568697906 -1096337531 48952 1 2 3
POS 185544 568697086 -1096336035 48969 1 2 3 568697889 -1096337255 48948 1 2 3
POS 185545 568696904 -1096336003 48979 1 1 3 568697836 -1096336987 48944 1 2 3
POS 185546 568696751 -1096336013 48989 1 2 3 568697757 -1096336742 48945 1 2 3
POS 185547 568696639 -1096336039 48997 1 2 3 568697667 -1096336556 48946 1 2 3
DO bucketSim dump
POS 185548 568696562 -1096336070 49003 1 2 3 568697591 -1096336430 48948 1 2 3
POS 185549 568696523 -1096336092 49006 1 1 3 568697531 -1096336351 48952 1 2 3
POS 185550 568696516 -1096336096 49005 1 2 3 568697498 -1096336313 48951 1 2 3
POS 185551 568696516 -1096336097 49007 1 2 3 568697492 -1096336306 48952 1 2 3
POS 185552 568696535 -1096336086 49005 1 2 3 568697492 -1096336308 48954 1 2 3
POS 185553 568696597 -1096336058 49001 1 2 3 568697508 -1096336328 48952 1 2 3
POS 185554 568696719 -1096336017 48992 1 1 3 568697558 -1096336388 48951 1 2 3
POS 185555 568696904 -1096336001 48980 1 1 3 568697646 -1096336519 48947 1 2 3
POS 185556 568697128 -1096336045 48968 1 1 3 568697756 -1096336739 48944 1 2 3
POS 185557 568697345 -1096336170 48958 1 1 3 568697852 -1096337040 48945 1 2 3
POS 185558 568697515 -1096336333 48952 1 1 3 568697900 -1096337379 48949 1 2 3
POS 185559 568697610 -1096336461 48949 1 1 3 568697900 -1096337680 48956 1 2 3
POS 185600 568697645 -1096336509 48944 1 2 3 568697882 -1096337866 48959 1 2 3
POS 185601 568697626 -1096336476 48946 1 1 3 568697872 -1096337933 48960 1 2 3
POS 185602 568697567 -1096336395 48950 1 1 3 568697877 -1096337892 48961 1 2 3
POS 185603 568697509 -1096336326 48952 1 1 3 568697893 -1096337777 48959 1 2 3
POS 185604 568697494 -1096336310 48952 1 1 3 568697902 -1096337668 48956 1 2 3
POS 185605 568697512 -1096336327 48950 1 2 3 568697903 -1096337642 48954 1 2 3
POS 185606 568697517 -1096336333 48950 1 1 3 568697901 -1096337672 48954 1 2 3
POS 185607 568697522 -1096336336 48950 1 1 3 568697901 -1096337680 48955 1 2 3
POS 185608 568697516 -1096336329 48951 1 2 3 568697901 -1096337687 48956 1 2 3
POS 185609 568697519 -1096336335 48950 1 1 3 568697902 -1096337677 48956 1 2 3
DO bucketSim dig
POS 185610 568697517 -1096336334 48951 1 1 3 568697901 -1096337685 48955 1 2 3
POS 185611 568697517 -1096336334 48951 1 1 3 568697901 -1096337681 48956 1 2 3
POS 185612 568697521 -1096336338 48950 1 1 3 568697901 -1096337681 48956 1 2 3
POS 185613 568697523 -1096336335 48949 1 2 3 568697901 -1096337688 48954 1 2 3
POS 185614 568697514 -1096336327 48951 1 2 3 568697903 -1096337686 48954 1 2 3
POS 185615 568697511 -1096336325 48952 1 2 3 568697902 -1096337672 48954 1 2 3
POS 185616 568697506 -1096336322 48952 1 1 3 568697902 -1096337670 48956 1 2 3
POS 185617 568697516 -1096336333 48950 1 2 3 568697901 -1096337663 48955 1 2 3
POS 185618 568697526 -1096336348 48949 1 2 3 568697900 -1096337680 48955 1 2 3
POS 185619 568697545 -1096336367 48947 1 2 3 568697901 -1096337702 48954 1 2 3
POS 185620 568697534 -1096336352 48949 1 2 3 568697898 -1096337734 48954 1 2 3
POS 185621 568697534 -1096336354 48952 1 2 3 568697899 -1096337711 48956 1 2 3
POS 185622 568697535 -1096336358 48954 1 1 3 568697898 -1096337715 48958 1 2 3
POS 185623 568697531 -1096336351 48954 1 1 3 568697896 -1096337720 48960 1 2 3
POS 185624 568697537 -1096336361 48950 1 2 3 568697898 -1096337711 48957 1 2 3
POS 185625 568697546 -1096336365 48948 1 2 3 568697897 -1096337724 48957 1 2 3
POS 185626 568697543 -1096336366 48952 1 2 3 568697899 -1096337732 48954 1 2 3
POS 185627 568697547 -1096336370 48951 1 1 3 568697897 -1096337732 48957 1 2 3
POS 185628 568697544 -1096336369 48951 1 1 3 568697897 -1096337738 48957 1 2 3
POS 185629 568697544 -1096336365 48954 1 2 3 568697896 -1096337736 48957 1 2 3
POS 185631 568697556 -1096336378 48949 1 2 3 568697899 -1096337730 48956 1 2 3
POS 185632 568697571 -1096336396 48948 1 2 3 568697896 -1096337752 48957 1 2 3
POS 185633 568697570 -1096336403 48947 1 1 3 568697891 -1096337785 48957 1 2 3
POS 185634 568697551 -1096336377 48952 1 2 3 568697891 -1096337786 48956 1 2 3
POS 185635 568697529 -1096336345 48950 1 2 3 568697894 -1096337751 48959 1 2 3
POS 185636 568697488 -1096336300 48952 1 2 3 568697900 -1096337701 48956 1 2 3
POS 185637 568697439 -1096336252 48956 1 2 3 568697904 -1096337627 48954 1 2 3
POS 185638 568697387 -1096336206 48958 1 1 3 568697904 -1096337543 48953 1 2 3
POS 185639 568697327 -1096336157 48959 1 2 3 568697902 -1096337454 48952 1 2 3
POS 185640 568697222 -1096336090 48965 1 2 3 568697897 -1096337353 48950 1 2 3
POS 185641 568697076 -1096336029 48971 1 1 3 568697877 -1096337185 48949 1 2 3
POS 185642 568696919 -1096336003 48980 1 1 3 568697833 -1096336967 48945 1 2 3
POS 185643 568696790 -1096336006 48987 1 2 3 568697763 -1096336761 48945 1 2 3
POS 185644 568696685 -1096336027 48994 1 2 3 568697692 -1096336603 48946 1 2 3
POS 185645 568696600 -1096336054 49001 1 2 3 568697622 -1096336483 48948 1 2 3
POS 185646 568696542 -1096336081 49005 1 2 3 568697560 -1096336392 48950 1 2 3
DO bucketSim dump
POS 185647 568696505 -1096336101 49005 1 2 3 568697513 -1096336335 48954 1 2 3
POS 185648 568696494 -1096336106 49006 1 2 3 568697482 -1096336299 48952 1 2 3
POS 185649 568696498 -1096336106 49002 1 2 3 568697475 -1096336290 48950 1 2 3
POS 185650 568696499 -1096336106 49006 1 2 3 568697477 -1096336292 48949 1 2 3
POS 185651 568696502 -1096336105 49009 1 2 3 568697478 -1096336290 48952 1 2 3
POS 185652 568696520 -1096336093 49009 1 2 3 568697480 -1096336294 48955 1 2 3
POS 185653 568696532 -1096336089 49007 1 1 3 568697495 -1096336315 48956 1 2 3
POS 185654 568696537 -1096336086 49004 1 1 3 568697504 -1096336326 48956 2 2 3
POS 185655 568696575 -1096336068 49001 1 1 3 568697509 -1096336334 48952 1 2 3
POS 185656 568696589 -1096336060 48998 1 1 3 568697539 -1096336366 48950 1 2 3
POS 185657 568696578 -1096336066 49003 1 1 3 568697551 -1096336377 48952 1 2 3
POS 185658 568696610 -1096336052 49002 1 1 3 568697542 -1096336368 48953 1 2 3
DO CP-SWITCH 1
POS 185659 568696699 -1096336025 48994 1 1 3 568697565 -1096336402 48951 1 2 3
POS 185700 568696857 -1096336000 48977 1 1 3 568697631 -1096336502 48949 1 2 3
POS 185701 568697023 -1096336014 48966 1 1 3 568697730 -1096336677 48941 1 2 3
POS 185702 568697155 -1096336056 48963 1 1 3 568697813 -1096336889 48938 1 2 3
POS 185703 568697246 -1096336104 48962 1 1 3 568697861 -1096337079 48943 1 2 3
POS 185704 568697322 -1096336153 48958 1 1 3 568697882 -1096337222 48949 1 2 3
POS 185705 568697412 -1096336225 48954 1 1 3 568697896 -1096337342 48950 1 2 3
POS 185706 568697546 -1096336367 48948 1 2 3 568697904 -1096337492 48951 1 2 3
POS 185707 568697699 -1096336607 48945 1 1 3 568697897 -1096337734 48955 1 2 3
POS 185708 568697822 -1096336921 48943 1 1 3 568697844 -1096338054 48964 1 2 3
POS 185709 568697895 -1096337285 48947 1 1 3 568697734 -1096338377 48978 1 2 3
POS 185710 568697905 -1096337655 48953 1 1 3 568697569 -1096338664 48994 1 2 3
POS 185711 568697871 -1096337945 48959 1 1 3 568697364 -1096338877 49009 1 2 3
POS 185712 568697824 -1096338140 48966 1 1 3 568697184 -1096338990 49023 1 2 3
POS 185713 568697778 -1096338276 48974 1 1 3 568697047 -1096339038 49033 1 2 3
POS 185714 568697760 -1096338325 48974 1 1 3 568696944 -1096339054 49039 1 2 3
POS 185715 568697769 -1096338302 48974 1 1 3 568696906 -1096339056 49041 1 2 3
POS 185716 568697782 -1096338271 48971 1 1 3 568696925 -1096339056 49040 1 2 3
POS 185717 568697785 -1096338259 48973 1 1 3 568696950 -1096339055 49036 1 2 3
POS 185718 568697786 -1096338263 48972 1 1 3 568696958 -1096339053 49037 1 2 3
POS 185719 568697785 -1096338263 48972 1 1 3 568696957 -1096339055 49037 1 2 3
POS 185720 568697783 -1096338258 48971 1 1 3 568696955 -1096339055 49037 1 2 3
POS 185721 568697782 -1096338265 48971 1 1 3 568696957 -1096339054 49037 1 2 3
POS 185722 568697782 -1096338267 48972 1 1 3 568696953 -1096339053 49037 1 2 3
POS 185723 568697788 -1096338253 48972 1 1 3 568696953 -1096339053 49038 1 2 3
POS 185724 568697784 -1096338261 48973 1 1 3 568696962 -1096339051 49036 1 2 3
POS 185725 568697784 -1096338263 48974 1 1 3 568696956 -1096339054 49038 1 1 3
DO bucketSim dig
POS 185726 568697783 -1096338269 48970 1 1 3 568696955 -1096339054 49037 1 2 3
POS 185727 568697775 -1096338286 48972 1 1 3 568696953 -1096339055 49036 1 2 3
POS 185728 568697777 -1096338280 48975 1 2 3 568696938 -1096339056 49039 1 2 3
POS 185729 568697776 -1096338286 48974 1 1 3 568696941 -1096339054 49041 1 2 3
POS 185730 568697770 -1096338297 48975 1 1 3 568696939 -1096339056 49040 1 2 3
POS 185731 568697772 -1096338294 48974 1 1 3 568696929 -1096339057 49041 1 2 3
POS 185732 568697772 -1096338294 48974 1 1 3 568696930 -1096339055 49040 1 2 3
POS 185733 568697771 -1096338295 48974 1 1 3 568696930 -1096339056 49040 1 2 3
POS 185734 568697769 -1096338303 48975 1 1 3 568696931 -1096339056 49040 1 2 3
POS 185735 568697764 -1096338313 48975 1 1 3 568696924 -1096339056 49040 1 2 3
POS 185736 568697754 -1096338337 48975 1 1 3 568696915 -1096339056 49040 1 2 3
POS 185737 568697741 -1096338369 48977 1 1 3 568696897 -1096339057 49041 1 2 3
POS 185738 568697735 -1096338384 48980 1 1 3 568696870 -1096339056 49043 1 2 3
POS 185739 568697748 -1096338349 48977 1 1 3 568696859 -1096339056 49043 1 2 3
POS 185740 568697784 -1096338259 48971 1 1 3 568696886 -1096339057 49042 1 2 3
POS 185741 568697835 -1096338101 48966 1 1 3 568696957 -1096339053 49037 1 2 3
POS 185742 568697884 -1096337864 48960 1 1 3 568697074 -1096339030 49030 1 2 3
POS 185743 568697909 -1096337542 48953 1 1 3 568697235 -1096338963 49021 1 2 3
POS 185744 568697884 -1096337199 48946 1 2 3 568697431 -1096338818 49004 1 2 3
POS 185745 568697813 -1096336887 48944 1 1 3 568697611 -1096338603 48991 1 2 3
POS 185746 568697702 -1096336615 48944 1 1 3 568697750 -1096338346 48978 1 2 3
POS 185747 568697565 -1096336399 48951 1 1 3 568697843 -1096338062 48966 1 2 3
POS 185748 568697424 -1096336239 48954 1 1 3 568697891 -1096337781 48960 1 2 3
POS 185749 568697284 -1096336126 48957 1 1 3 568697905 -1096337517 48952 1 2 3
POS 185750 568697153 -1096336058 48967 1 1 3 568697892 -1096337280 48946 1 2 3
POS 185751 568697036 -1096336022 48973 1 1 3 568697860 -1096337080 48946 1 1 3
POS 185752 568696935 -1096336005 48980 1 1 3 568697817 -1096336916 48945 1 2 3
POS 185753 568696848 -1096336003 48985 1 1 3 568697772 -1096336781 48948 1 2 3
POS 185754 568696779 -1096336009 48989 1 1 3 568697725 -1096336673 48946 1 2 3
POS 185755 568696730 -1096336016 48991 1 1 3 568697686 -1096336590 48946 1 2 3
POS 185757 568696674 -1096336032 48996 1 1 3 568697632 -1096336495 48946 1 2 3
POS 185758 568696657 -1096336038 48996 1 1 3 568697614 -1096336472 48948 1 2 3
POS 185759 568696651 -1096336038 48997 1 1 3 568697602 -1096336456 48948 1 2 3
POS 185800 568696640 -1096336042 48998 1 1 3 568697598 -1096336446 48948 1 2 3
POS 185801 568696629 -1096336046 48994 1 2 3 568697592 -1096336435 48946 1 2 3
POS 185802 568696615 -1096336052 48997 1 1 3 568697582 -1096336420 48945 1 2 3
POS 185803 568696607 -1096336054 48997 1 1 3 568697571 -1096336406 48947 1 2 3
POS 185804 568696593 -1096336061 48999 1 1 3 568697564 -1096336398 48948 1 2 3
POS 185805 568696575 -1096336070 49003 1 1 3 568697554 -1096336386 48950 1 2 3
POS 185806 568696554 -1096336080 49006 1 1 3 568697540 -1096336371 48952 1 2 3
DO bucketSim dump
POS 185807 568696535 -1096336088 49005 1 1 3 568697523 -1096336351 48955 1 2 3
POS 185808 568696529 -1096336091 49001 1 1 3 568697510 -1096336327 48949 1 2 3
POS 185809 568696531 -1096336087 49002 1 1 3 568697503 -1096336318 48949 1 2 3
POS 185810 568696564 -1096336073 49003 1 1 3 568697505 -1096336321 48948 1 2 3
POS 185811 568696649 -1096336040 48997 1 1 3 568697532 -1096336355 48951 1 2 3
POS 185812 568696794 -1096336008 48985 1 1 3 568697597 -1096336446 48949 1 1 3
POS 185813 568696993 -1096336011 48976 1 1 3 568697697 -1096336610 48947 1 2 3
POS 185814 568697197 -1096336076 48962 1 1 3 568697799 -1096336855 48945 1 2 3
POS 185815 568697392 -1096336204 48954 1 1 3 568697873 -1096337143 48944 1 2 3
POS 185816 568697555 -1096336376 48946 1 1 3 568697906 -1096337453 48949 1 2 3
POS 185817 568697659 -1096336537 48944 1 1 3 568697896 -1096337750 48956 1 2 3
DO bucketSim dig
POS 185818 568697706 -1096336622 48946 1 1 3 568697864 -1096337968 48961 1 2 3
POS 185819 568697706 -1096336624 48947 1 1 3 568697842 -1096338070 48966 1 2 3
POS 185820 568697660 -1096336537 48946 1 1 3 568697841 -1096338071 48966 1 2 3
POS 185821 568697595 -1096336436 48948 1 1 3 568697865 -1096337968 48963 1 2 3
POS 185822 568697564 -1096336389 48949 1 2 3 568697887 -1096337834 48959 1 2 3
POS 185823 568697566 -1096336393 48948 1 1 3 568697896 -1096337769 48957 1 1 3
POS 185824 568697582 -1096336417 48948 1 1 3 568697895 -1096337772 48957 1 1 3
POS 185825 568697586 -1096336423 48948 1 1 3 568697890 -1096337807 48958 1 2 3
POS 185826 568697581 -1096336418 48948 1 1 3 568697889 -1096337816 48959 1 2 3
POS 185827 568697591 -1096336433 48948 1 1 3 568697892 -1096337807 48958 1 1 3
POS 185828 568697602 -1096336446 48949 1 1 3 568697887 -1096337829 48959 1 2 3
POS 185829 568697602 -1096336449 48948 1 1 3 568697884 -1096337848 48960 1 1 3
POS 185830 568697611 -1096336456 48947 1 1 3 568697884 -1096337850 48960 1 2 3
POS 185831 568697616 -1096336459 48946 1 1 3 568697883 -1096337862 48958 1 1 3
POS 185832 568697610 -1096336455 48948 1 1 3 568697886 -1096337867 48958 1 2 3
POS 185833 568697611 -1096336456 48948 1 1 3 568697883 -1096337861 48960 1 1 3
POS 185834 568697610 -1096336457 48948 1 1 3 568697882 -1096337863 48961 1 1 3
POS 185835 568697610 -1096336459 48949 1 1 3 568697882 -1096337863 48960 1 2 3
POS 185836 568697612 -1096336458 48947 1 1 3 568697883 -1096337865 48959 1 1 3
POS 185837 568697605 -1096336451 48947 1 1 3 568697884 -1096337864 48960 1 1 3
POS 185838 568697615 -1096336460 48947 1 1 3 568697883 -1096337854 48960 1 1 3
POS 185839 568697619 -1096336471 48948 1 2 3 568697882 -1096337869 48960 1 2 3
POS 185840 568697608 -1096336454 48948 1 1 3 568697880 -1096337882 48961 1 2 3
POS 185841 568697570 -1096336402 48948 1 1 3 568697883 -1096337860 48959 1 1 3
POS 185842 568697501 -1096336315 48950 1 1 3 568697892 -1096337785 48957 1 2 3
POS 185843 568697399 -1096336213 48956 1 1 3 568697903 -1096337652 48954 1 2 3
POS 185844 568697267 -1096336116 48962 1 1 3 568697906 -1096337469 48950 1 1 3
POS 185845 568697122 -1096336047 48969 1 1 3 568697889 -1096337253 48947 1 2 3
POS 185846 568696970 -1096336007 48976 1 1 3 568697851 -1096337035 48945 1 2 3
POS 185847 568696829 -1096336005 48983 1 1 3 568697789 -1096336827 48944 1 2 3
DO bucketSim dump
POS 185848 568696719 -1096336021 48990 1 1 3 568697715 -1096336649 48944 1 2 3
POS 185849 568696635 -1096336045 48996 1 1 3 568697647 -1096336520 48945 1 2 3
POS 185850 568696585 -1096336064 49001 1 1 3 568697587 -1096336430 48948 1 2 3
POS 185851 568696546 -1096336082 49005 1 1 3 568697549 -1096336377 48950 1 1 3
POS 185852 568696530 -1096336089 49005 1 1 3 568697518 -1096336338 48952 1 2 3
POS 185853 568696522 -1096336094 49003 1 1 3 568697504 -1096336320 48953 1 2 3
POS 185854 568696536 -1096336087 49003 1 1 3 568697496 -1096336312 48952 1 2 3
POS 185855 568696613 -1096336052 48999 1 1 3 568697509 -1096336327 48951 1 2 3
POS 185856 568696755 -1096336013 48990 1 1 3 568697571 -1096336405 48949 1 2 3
POS 185857 568696962 -1096336007 48975 1 1 3 568697671 -1096336559 48944 1 2 3
POS 185858 568697189 -1096336074 48964 1 1 3 568697786 -1096336813 48942 1 2 3
POS 185859 568697402 -1096336217 48956 1 1 3 568697871 -1096337132 48944 1 2 3
POS 185900 568697576 -1096336409 48949 1 1 3 568697906 -1096337475 48951 1 2 3
POS 185901 568697697 -1096336602 48945 1 1 3 568697892 -1096337795 48959 1 2 3
POS 185902 568697762 -1096336743 48942 1 1 3 568697848 -1096338047 48966 1 2 3
POS 185903 568697777 -1096336783 48944 1 1 3 568697804 -1096338204 48969 1 1 3
POS 185904 568697758 -1096336739 48944 1 1 3 568697789 -1096338245 48972 1 1 3
POS 185905 568697738 -1096336692 48944 1 1 3 568697804 -1096338200 48971 1 1 3
DO bucketSim dig
POS 185906 568697717 -1096336647 48946 1 1 3 568697819 -1096338149 48968 1 2 3
POS 185907 568697702 -1096336611 48945 1 1 3 568697833 -1096338100 48969 1 2 3
POS 185908 568697690 -1096336589 48945 1 1 3 568697846 -1096338057 48965 1 2 3
POS 185909 568697678 -1096336563 48943 1 1 3 568697853 -1096338030 48963 1 2 3
POS 185910 568697672 -1096336557 48946 1 1 3 568697858 -1096338002 48964 1 2 3
POS 185911 568697675 -1096336563 48944 1 1 3 568697859 -1096337993 48963 1 1 3
POS 185912 568697671 -1096336556 48945 1 1 3 568697858 -1096337999 48963 1 1 3
POS 185913 568697666 -1096336545 48946 1 1 3 568697861 -1096337992 48964 1 1 3
POS 185914 568697666 -1096336546 48946 1 1 3 568697862 -1096337978 48964 1 2 3
POS 185915 568697662 -1096336541 48946 1 1 3 568697863 -1096337979 48963 1 1 3
POS 185916 568697665 -1096336548 48949 1 1 3 568697863 -1096337973 48964 1 1 3
POS 185917 568697668 -1096336552 48947 1 1 3 568697861 -1096337981 48966 1 1 3
POS 185918 568697668 -1096336550 48943 1 1 3 568697861 -1096337986 48964 1 1 3
POS 185919 568697652 -1096336524 48946 1 1 3 568697861 -1096337985 48963 1 1 3
POS 185920 568697616 -1096336465 48947 1 1 3 568697868 -1096337951 48963 1 1 3
POS 185921 568697577 -1096336411 48950 1 1 3 568697881 -1096337875 48960 1 1 3
POS 185922 568697568 -1096336398 48947 1 1 3 568697891 -1096337798 48959 1 1 3
POS 185923 568697578 -1096336411 48947 1 1 3 568697894 -1096337779 48956 1 2 3
POS 185924 568697562 -1096336387 48949 1 1 3 568697893 -1096337798 48956 1 1 3
POS 185925 568697506 -1096336321 48952 1 1 3 568697895 -1096337765 48957 1 2 3
POS 185926 568697403 -1096336217 48956 1 1 3 568697903 -1096337661 48955 1 2 3
POS 185927 568697259 -1096336113 48962 1 1 3 568697905 -1096337477 48950 1 2 3
POS 185928 568697104 -1096336042 48968 1 1 3 568697886 -1096337244 48947 1 2 3
POS 185929 568696945 -1096336006 48979 1 1 3 568697844 -1096337012 48946 1 1 3
POS 185930 568696787 -1096336009 48987 1 1 3 568697777 -1096336794 48945 1 2 3
POS 185931 568696662 -1096336035 48994 1 1 3 568697690 -1096336598 48945 1 2 3
POS 185932 568696594 -1096336060 49000 1 1 3 568697605 -1096336456 48948 1 2 3
DO bucketSim dump
POS 185933 568696573 -1096336070 49003 1 1 3 568697556 -1096336387 48950 1 2 3
POS 185934 568696564 -1096336072 49003 1 1 3 568697540 -1096336366 48950 1 2 3
POS 185935 568696552 -1096336079 49003 1 1 3 568697532 -1096336356 48952 1 2 3
POS 185936 568696541 -1096336086 49004 1 1 3 568697523 -1096336345 48951 1 2 3
POS 185937 568696531 -1096336091 49004 1 1 3 568697513 -1096336334 48951 1 1 3
POS 185938 568696523 -1096336094 49004 1 1 3 568697505 -1096336323 48951 1 1 3
POS 185939 568696515 -1096336097 49005 1 1 3 568697499 -1096336315 48951 1 1 3
POS 185940 568696509 -1096336101 49005 1 1 3 568697490 -1096336307 48952 1 2 3
POS 185941 568696523 -1096336094 49004 1 1 3 568697486 -1096336303 48952 1 2 3
POS 185942 568696553 -1096336080 49002 1 1 3 568697498 -1096336317 48952 1 2 3
POS 185943 568696580 -1096336066 49001 1 1 3 568697522 -1096336344 48951 1 2 3
POS 185944 568696607 -1096336053 49000 1 1 3 568697545 -1096336372 48950 1 1 3
POS 185945 568696626 -1096336047 48999 1 1 3 568697566 -1096336398 48950 1 1 3
POS 185946 568696625 -1096336047 48997 1 1 3 568697581 -1096336419 48948 1 2 3
POS 185947 568696603 -1096336056 48999 1 1 3 568697579 -1096336417 48948 1 2 3
POS 185948 568696583 -1096336065 49000 1 1 3 568697563 -1096336395 48949 1 2 3
POS 185949 568696576 -1096336069 49002 1 1 3 568697547 -1096336376 48949 1 2 3
POS 185950 568696582 -1096336065 49002 1 1 3 568697541 -1096336370 48951 1 2 3
POS 185951 568696585 -1096336062 49001 1 1 3 568697545 -1096336375 48951 1 2 3
POS 185952 568696598 -1096336058 48999 1 1 3 568697549 -1096336377 48950 1 2 3
POS 185953 568696666 -1096336036 48995 1 1 3 568697559 -1096336391 48949 1 2 3
POS 185954 568696797 -1096336008 48987 1 2 3 568697608 -1096336462 48948 1 2 3
POS 185955 568696993 -1096336013 48975 1 1 3 568697696 -1096336611 48945 1 2 3
POS 185956 568697219 -1096336090 48963 1 1 3 568697799 -1096336858 48944 1 1 3
DO bucketSim dig
POS 185957 568697408 -1096336222 48954 1 1 3 568697878 -1096337179 48946 1 1 3
POS 185958 568697519 -1096336335 48951 1 1 3 568697906 -1096337485 48950 1 1 3
POS 185959 568697561 -1096336386 48949 1 1 3 568697902 -1096337683 48954 1 2 3
POS 190000 568697545 -1096336369 48950 1 1 3 568697895 -1096337762 48956 1 2 3
POS 190001 568697499 -1096336314 48951 1 1 3 568697898 -1096337736 48956 1 2 3
POS 190002 568697432 -1096336246 48955 1 1 3 568697903 -1096337650 48954 1 1 3
POS 190003 568697399 -1096336217 48957 1 1 3 568697906 -1096337530 48952 1 1 3
POS 190004 568697410 -1096336225 48954 1 1 3 568697904 -1096337474 48952 1 1 3
POS 190005 568697422 -1096336239 48955 1 1 3 568697905 -1096337491 48950 1 1 3
POS 190006 568697434 -1096336247 48954 1 1 3 568697906 -1096337515 48951 1 1 3
POS 190007 568697433 -1096336248 48956 1 1 3 568697907 -1096337532 48952 1 1 3
POS 190008 568697438 -1096336251 48955 1 1 3 568697906 -1096337531 48953 1 1 3
POS 190009 568697435 -1096336250 48955 1 1 3 568697905 -1096337541 48953 1 2 3
POS 190010 568697437 -1096336251 48954 1 1 3 568697904 -1096337538 48953 1 2 3
POS 190011 568697431 -1096336244 48953 1 1 3 568697905 -1096337538 48953 1 1 3
POS 190012 568697434 -1096336249 48953 1 1 3 568697906 -1096337526 48951 1 2 3
POS 190013 568697426 -1096336241 48955 1 1 3 568697906 -1096337534 48953 1 2 3
POS 190014 568697432 -1096336247 48955 1 1 3 568697905 -1096337521 48953 1 1 3
POS 190015 568697433 -1096336249 48956 1 1 3 568697905 -1096337531 48953 1 1 3
POS 190016 568697433 -1096336248 48955 1 1 3 568697905 -1096337535 48954 1 2 3
POS 190017 568697433 -1096336247 48955 1 1 3 568697906 -1096337532 48952 1 2 3
POS 190018 568697433 -1096336248 48954 1 1 3 568697905 -1096337532 48953 1 1 3
POS 190019 568697431 -1096336247 48955 1 1 3 568697905 -1096337533 48952 1 1 3
POS 190020 568697432 -1096336247 48956 1 1 3 568697904 -1096337532 48954 1 1 3
POS 190021 568697433 -1096336248 48956 1 1 3 568697905 -1096337532 48954 1 1 3
POS 190022 568697433 -1096336249 48956 1 1 3 568697904 -1096337534 48954 1 2 3
POS 190023 568697435 -1096336248 48953 1 1 3 568697904 -1096337535 48954 1 1 3
POS 190024 568697434 -1096336249 48955 1 1 3 568697905 -1096337534 48952 1 2 3
POS 190025 568697434 -1096336248 48954 1 1 3 568697905 -1096337535 48953 1 1 3
POS 190026 568697433 -1096336248 48956 1 1 3 568697905 -1096337535 48953 1 2 3
POS 190027 568697433 -1096336249 48956 1 1 3 568697904 -1096337534 48954 1 2 3
POS 190028 568697428 -1096336245 48958 1 1 3 568697904 -1096337535 48955 1 2 3
POS 190029 568697425 -1096336242 48955 1 1 3 568697904 -1096337527 48953 1 2 3
POS 190030 568697435 -1096336251 48954 1 1 3 568697904 -1096337521 48953 1 2 3
DO bucketSim dump
POS 190031 568697454 -1096336266 48953 1 1 3 568697906 -1096337538 48952 1 2 3
POS 190032 568697453 -1096336265 48953 1 1 3 568697905 -1096337568 48954 1 2 3
POS 190033 568697414 -1096336232 48957 1 1 3 568697903 -1096337567 48955 1 1 3
POS 190034 568697340 -1096336170 48958 1 1 3 568697904 -1096337502 48952 1 2 3
POS 190035 568697216 -1096336092 48965 1 1 3 568697899 -1096337376 48950 1 1 3
POS 190036 568697067 -1096336031 48974 1 1 3 568697876 -1096337181 48948 1 1 3
POS 190037 568696913 -1096336004 48981 1 1 3 568697830 -1096336962 48946 1 2 3
POS 190038 568696780 -1096336012 48989 1 1 3 568697758 -1096336755 48946 1 2 3
POS 190039 568696684 -1096336030 48995 1 1 3 568697684 -1096336596 48948 1 2 3
POS 190040 568696621 -1096336051 48999 1 1 3 568697621 -1096336485 48949 1 2 3
POS 190041 568696586 -1096336064 49001 1 1 3 568697576 -1096336416 48951 1 2 3
POS 190042 568696569 -1096336072 49003 1 2 3 568697547 -1096336380 48951 1 2 3
POS 190043 568696560 -1096336075 49003 1 2 3 568697535 -1096336364 48951 1 2 3
POS 190044 568696560 -1096336077 49003 1 1 3 568697528 -1096336355 48952 1 2 3
POS 190045 568696549 -1096336083 49005 1 1 3 568697528 -1096336357 48953 1 2 3
POS 190046 568696549 -1096336083 49006 1 1 3 568697519 -1096336347 48953 1 2 3
POS 190047 568696557 -1096336078 49004 1 1 3 568697519 -1096336346 48953 1 2 3
POS 190048 568696560 -1096336076 49003 1 1 3 568697525 -1096336353 48952 1 2 3
POS 190049 568696561 -1096336076 49003 1 2 3 568697528 -1096336357 48952 1 2 3
POS 190050 568696558 -1096336078 49003 1 2 3 568697529 -1096336356 48951 1 2 3
POS 190051 568696552 -1096336081 49003 1 1 3 568697527 -1096336352 48951 1 2 3
DO bucketSim dig
POS 190052 568696543 -1096336084 49005 1 1 3 568697521 -1096336347 48952 1 2 3
POS 190053 568696535 -1096336088 49005 1 1 3 568697514 -1096336340 48953 1 2 3
POS 190054 568696529 -1096336092 49006 1 1 3 568697508 -1096336332 48953 1 2 3
POS 190055 568696524 -1096336094 49006 1 1 3 568697503 -1096336327 48952 1 2 3
POS 190056 568696520 -1096336096 49006 1 1 3 568697498 -1096336322 48953 1 2 3
POS 190057 568696533 -1096336090 49006 1 1 3 568697495 -1096336317 48953 1 2 3
POS 190058 568696561 -1096336076 49005 1 1 3 568697506 -1096336331 48953 1 1 3
POS 190059 568696584 -1096336066 49002 1 1 3 568697530 -1096336358 48952 1 1 3
POS 190100 568696581 -1096336067 49001 1 1 3 568697548 -1096336380 48951 1 2 3
POS 190101 568696562 -1096336075 49004 1 1 3 568697545 -1096336376 48950 1 2 3
POS 190102 568696551 -1096336080 49005 1 1 3 568697530 -1096336359 48952 1 2 3
POS 190103 568696565 -1096336074 49004 1 1 3 568697521 -1096336347 48953 1 1 3
POS 190104 568696632 -1096336047 48999 1 1 3 568697531 -1096336360 48952 1 2 3
POS 190105 568696761 -1096336013 48989 1 1 3 568697585 -1096336429 48949 1 2 3
POS 190106 568696936 -1096336007 48980 1 1 3 568697672 -1096336572 48948 1 2 3
POS 190107 568697114 -1096336045 48970 1 1 3 568697772 -1096336785 48946 1 1 3
POS 190108 568697267 -1096336119 48963 1 1 3 568697845 -1096337026 48946 1 2 3
POS 190109 568697393 -1096336212 48956 1 1 3 568697887 -1096337258 48949 1 1 3
POS 190110 568697493 -1096336311 48952 1 1 3 568697903 -1096337465 48951 1 2 3
POS 190111 568697561 -1096336391 48949 1 1 3 568697902 -1096337642 48955 1 2 3
POS 190112 568697586 -1096336427 48949 1 1 3 568697894 -1096337768 48957 1 2 3
POS 190113 568697599 -1096336445 48950 1 1 3 568697887 -1096337820 48960 1 1 3
POS 190114 568697608 -1096336456 48948 1 1 3 568697883 -1096337846 48960 1 2 3
POS 190115 568697608 -1096336460 48949 1 1 3 568697880 -1096337864 48961 1 2 3
POS 190116 568697602 -1096336451 48949 1 1 3 568697880 -1096337866 48960 1 2 3
DO bucketSim dump
POS 190117 568697602 -1096336450 48948 1 1 3 568697882 -1096337853 48960 1 2 3
POS 190118 568697609 -1096336459 48949 1 2 3 568697882 -1096337852 48960 1 2 3
POS 190119 568697610 -1096336460 48949 1 1 3 568697881 -1096337866 48961 1 2 3
POS 190120 568697617 -1096336470 48947 1 1 3 568697879 -1096337867 48962 1 2 3
POS 190121 568697620 -1096336482 48949 1 2 3 568697877 -1096337882 48962 1 2 3
POS 190122 568697626 -1096336489 48949 1 2 3 568697874 -1096337896 48962 1 2 3
POS 190123 568697611 -1096336464 48949 1 2 3 568697874 -1096337905 48962 1 2 3
POS 190124 568697564 -1096336395 48950 1 2 3 568697879 -1096337872 48961 1 2 3
POS 190125 568697480 -1096336295 48953 1 2 3 568697892 -1096337775 48958 1 2 3
POS 190126 568697365 -1096336187 48958 1 2 3 568697904 -1096337617 48955 1 2 3
POS 190127 568697222 -1096336093 48965 1 1 3 568697902 -1096337417 48951 1 2 3
POS 190128 568697065 -1096336032 48974 1 1 3 568697877 -1096337189 48948 1 2 3
POS 190129 568696906 -1096336006 48981 1 1 3 568697827 -1096336962 48947 1 2 3
POS 190130 568696765 -1096336013 48988 1 1 3 568697756 -1096336747 48945 1 2 3
POS 190131 568696657 -1096336039 48998 1 2 3 568697675 -1096336577 48948 1 2 3
POS 190132 568696580 -1096336067 49005 1 1 3 568697602 -1096336459 48951 1 2 3
POS 190133 568696540 -1096336085 49005 1 1 3 568697545 -1096336377 48953 1 2 3
POS 190134 568696529 -1096336092 49004 1 1 3 568697513 -1096336335 48953 1 2 3
POS 190135 568696516 -1096336099 49005 1 1 3 568697503 -1096336323 48950 1 2 3
POS 190136 568696510 -1096336102 49005 1 1 3 568697492 -1096336313 48951 1 2 3
POS 190137 568696536 -1096336087 49007 1 1 3 568697486 -1096336308 48954 1 2 3
POS 190138 568696587 -1096336065 49001 1 1 3 568697510 -1096336335 48952 1 2 3
POS 190139 568696682 -1096336030 48994 1 1 3 568697551 -1096336384 48950 1 2 3
POS 190141 568696983 -1096336012 48977 1 2 3 568697713 -1096336651 48946 1 2 3
POS 190142 568697096 -1096336041 48971 1 1 3 568697793 -1096336847 48946 1 2 3
POS 190143 568697166 -1096336066 48968 1 2 3 568697841 -1096337005 48947 2 2 3
DO CP-SWITCH 1
POS 190144 568697194 -1096336080 48965 1 2 3 568697861 -1096337103 48946 2 2 3
POS 190145 568697194 -1096336079 48966 1 2 3 568697871 -1096337146 48948 2 2 3
POS 190146 568697184 -1096336072 48967 1 2 3 568697870 -1096337144 48948 2 2 3
POS 190147 568697170 -1096336067 48967 1 2 3 568697868 -1096337129 48947 2 2 3
POS 190148 568697130 -1096336052 48968 1 2 3 568697864 -1096337107 48946 1 2 3
POS 190149 568697100 -1096336041 48970 1 1 3 568697852 -1096337050 48946 1 2 3
POS 190150 568697079 -1096336036 48972 1 2 3 568697840 -1096337010 48945 1 2 3
POS 190151 568697068 -1096336032 48972 1 2 3 568697832 -1096336982 48945 1 2 3
POS 190152 568697026 -1096336020 48975 1 1 3 568697829 -1096336963 48945 1 2 3
POS 190153 568696941 -1096336007 48980 1 2 3 568697814 -1096336904 48946 1 2 3
POS 190154 568696841 -1096336004 48985 1 1 3 568697774 -1096336793 48946 1 2 3
POS 190155 568696736 -1096336018 48990 1 2 3 568697721 -1096336667 48947 1 2 3
POS 190156 568696636 -1096336044 48996 1 2 3 568697657 -1096336544 48946 1 2 3
POS 190157 568696540 -1096336085 49005 1 1 3 568697587 -1096336433 48948 1 2 3
POS 190158 568696448 -1096336140 49012 1 1 3 568697511 -1096336335 48952 1 2 3
POS 190159 568696362 -1096336206 49017 1 1 3 568697431 -1096336250 48955 1 2 3
POS 190200 568696300 -1096336283 49020 1 1 3 568697348 -1096336180 48958 1 2 3
POS 190201 568696251 -1096336366 49024 1 1 3 568697280 -1096336127 48959 1 1 3
POS 190202 568696216 -1096336451 49025 1 1 3 568697219 -1096336089 48963 1 1 3
POS 190203 568696191 -1096336547 49028 1 2 3 568697167 -1096336062 48965 1 1 3
POS 190204 568696165 -1096336643 49029 1 1 3 568697118 -1096336053 48968 1 2 3
POS 190205 568696154 -1096336746 49031 1 1 3 568697065 -1096336043 48969 1 2 3
POS 190206 568696137 -1096336845 49029 1 1 3 568697021 -1096336051 48972 1 2 3
POS 190207 568696139 -1096336947 49029 1 1 3 568696970 -1096336059 48971 1 2 3
POS 190208 568696137 -1096337042 49030 1 2 3 568696931 -1096336079 48972 1 2 3
POS 190209 568696151 -1096337126 49033 1 1 3 568696892 -1096336102 48975 1 2 3
POS 190210 568696162 -1096337190 49032 1 1 3 568696872 -1096336130 48977 1 2 3
POS 190211 568696189 -1096337239 49031 1 2 3 568696857 -1096336154 48978 1 2 3
POS 190212 568696208 -1096337266 49025 1 1 3 568696864 -1096336176 48978 1 2 3
POS 190213 568696244 -1096337281 49023 1 2 3 568696874 -1096336189 48973 1 2 3
POS 190214 568696270 -1096337285 49017 1 2 3 568696906 -1096336200 48970 1 2 3
POS 190215 568696297 -1096337293 49024 1 2 3 568696931 -1096336205 48970 1 2 3
Do bucketSim dig
POS 190216 568696304 -1096337295 49024 1 1 3 568696962 -1096336214 48973 1 2 3
POS 190217 568696305 -1096337293 49023 1 2 3 568696970 -1096336219 48972 1 2 3
POS 190218 568696306 -1096337292 49020 1 2 3 568696971 -1096336217 48970 1 2 3
POS 190219 568696305 -1096337292 49022 1 2 3 568696971 -1096336217 48970 1 2 3
POS 190220 568696304 -1096337293 49024 1 2 3 568696971 -1096336216 48970 1 2 3
POS 190221 568696304 -1096337295 49024 1 2 3 568696970 -1096336216 48972 1 2 3
POS 190222 568696302 -1096337297 49026 1 2 3 568696968 -1096336219 48972 1 2 3
POS 190223 568696306 -1096337295 49024 1 2 3 568696968 -1096336219 48973 1 2 3
POS 190224 568696305 -1096337294 49023 1 2 3 568696970 -1096336217 48971 1 2 3
POS 190225 568696304 -1096337294 49023 1 2 3 568696970 -1096336218 48971 1 2 3
POS 190226 568696304 -1096337294 49024 1 1 3 568696970 -1096336217 48971 1 2 3
POS 190227 568696304 -1096337293 49024 1 1 3 568696970 -1096336217 48971 1 2 3
POS 190228 568696304 -1096337296 49024 1 2 3 568696970 -1096336218 48971 1 2 3
POS 190229 568696303 -1096337296 49024 1 1 3 568696969 -1096336219 48972 1 2 3
POS 190230 568696303 -1096337296 49023 1 2 3 568696969 -1096336220 48972 1 2 3
POS 190231 568696305 -1096337293 49022 1 1 3 568696969 -1096336219 48971 1 2 3
POS 190232 568696304 -1096337292 49023 1 1 3 568696970 -1096336216 48972 1 1 3
POS 190233 568696304 -1096337293 49024 1 1 3 568696970 -1096336215 48971 1 1 3
POS 190234 568696304 -1096337294 49022 1 1 3 568696969 -1096336216 48972 1 2 3
POS 190235 568696305 -1096337295 49022 1 1 3 568696969 -1096336217 48971 1 2 3
POS 190236 568696304 -1096337294 49024 1 1 3 568696970 -1096336218 48970 1 1 3
POS 190237 568696303 -1096337296 49025 1 1 3 568696969 -1096336217 48972 1 1 3
POS 190238 568696308 -1096337290 49020 1 1 3 568696972 -1096336215 48969 1 1 3
POS 190239 568696307 -1096337290 49021 1 1 3 568696974 -1096336213 48968 1 1 3
POS 190240 568696310 -1096337287 49019 1 1 3 568696973 -1096336213 48969 1 1 3
POS 190241 568696302 -1096337296 49025 1 1 3 568696970 -1096336216 48972 1 1 3
POS 190242 568696303 -1096337296 49023 1 1 3 568696968 -1096336219 48973 1 1 3
POS 190243 568696305 -1096337294 49023 1 1 3 568696968 -1096336219 48971 1 1 3
POS 190244 568696306 -1096337292 49022 1 2 3 568696971 -1096336217 48971 1 1 3
POS 190245 568696306 -1096337292 49025 1 1 3 568696971 -1096336216 48970 1 2 3
POS 190246 568696305 -1096337292 49024 1 1 3 568696971 -1096336215 48973 1 2 3
POS 190247 568696305 -1096337294 49023 1 1 3 568696971 -1096336215 48972 1 2 3
POS 190248 568696314 -1096337300 49020 1 1 3 568696970 -1096336217 48971 1 2 3
POS 190249 568696338 -1096337307 49018 1 1 3 568696979 -1096336222 48970 1 1 3
POS 190250 568696365 -1096337317 49018 1 1 3 568697002 -1096336229 48968 1 2 3
POS 190252 568696384 -1096337343 49013 1 1 3 568697043 -1096336247 48968 1 1 3
POS 190253 568696394 -1096337358 49014 1 1 3 568697039 -1096336249 48967 1 1 3
DO bucketSim dump
POS 190254 568696417 -1096337376 49011 1 1 3 568697043 -1096336257 48966 1 1 3
POS 190255 568696433 -1096337390 49011 1 1 3 568697059 -1096336271 48968 1 1 3
POS 190256 568696432 -1096337398 49011 1 1 3 568697072 -1096336279 48966 1 1 3
POS 190257 568696461 -1096337414 49011 1 1 3 568697066 -1096336282 48965 1 1 3
POS 190258 568696484 -1096337426 49005 1 1 3 568697094 -1096336294 48965 1 1 3
POS 190259 568696517 -1096337440 49006 1 1 3 568697115 -1096336300 48961 1 1 3
POS 190300 568696540 -1096337451 49004 1 1 3 568697144 -1096336313 48961 1 1 3
POS 190301 568696572 -1096337465 49005 1 1 3 568697164 -1096336320 48961 1 1 3
POS 190302 568696592 -1096337478 49000 1 1 3 568697194 -1096336332 48962 1 1 3
POS 190303 568696628 -1096337489 48998 1 1 3 568697212 -1096336341 48958 1 1 3
POS 190304 568696647 -1096337504 48994 1 1 3 568697246 -1096336350 48956 1 1 3
POS 190305 568696678 -1096337513 48994 1 1 3 568697262 -1096336360 48954 1 1 3
POS 190306 568696685 -1096337520 48991 1 1 3 568697292 -1096336370 48954 1 1 3
POS 190307 568696696 -1096337528 48990 1 1 3 568697296 -1096336372 48952 1 1 3
POS 190309 568696741 -1096337552 48984 1 1 3 568697324 -1096336386 48952 1 1 3
POS 190310 568696764 -1096337563 48981 1 1 3 568697342 -1096336393 48950 1 1 3
POS 190311 568696789 -1096337574 48975 1 1 3 568697363 -1096336401 48949 1 1 3
POS 190312 568696809 -1096337584 48974 1 1 3 568697386 -1096336409 48943 1 1 3
POS 190313 568696830 -1096337592 48975 1 1 3 568697403 -1096336418 48942 1 1 3
POS 190314 568696837 -1096337602 48975 1 1 3 568697418 -1096336421 48944 1 1 3
POS 190315 568696857 -1096337615 48973 1 1 3 568697423 -1096336427 48943 1 1 3
POS 190316 568696885 -1096337627 48970 1 1 3 568697440 -1096336436 48942 1 1 3
POS 190317 568696910 -1096337641 48968 1 1 3 568697465 -1096336444 48941 1 1 3
POS 190318 568696936 -1096337654 48966 1 1 3 568697486 -1096336454 48940 1 1 3
POS 190319 568696962 -1096337635 48963 1 1 3 568697510 -1096336463 48940 1 2 3
POS 190320 568696991 -1096337598 48960 1 1 3 568697547 -1096336459 48938 1 1 3
POS 190321 568697022 -1096337564 48957 1 1 3 568697599 -1096336446 48937 1 1 3
POS 190322 568697053 -1096337532 48956 1 1 3 568697650 -1096336437 48936 1 1 3
POS 190323 568697061 -1096337501 48956 1 1 3 568697700 -1096336427 48939 1 1 3
POS 190324 568697065 -1096337471 48955 1 1 3 568697725 -1096336417 48939 1 1 3
POS 190326 568697078 -1096337423 48953 1 1 3 568697760 -1096336400 48939 1 2 3
POS 190327 568697108 -1096337404 48946 1 1 3 568697780 -1096336393 48936 1 2 3
POS 190328 568697137 -1096337390 48947 1 1 3 568697822 -1096336391 48937 1 2 3
POS 190329 568697169 -1096337377 48945 1 1 3 568697859 -1096336393 48938 1 2 3
POS 190330 568697200 -1096337387 48946 1 1 3 568697900 -1096336393 48939 1 1 3
POS 190331 568697216 -1096337433 48944 1 1 3 568697930 -1096336402 48940 1 1 3
POS 190332 568697233 -1096337492 48947 1 1 3 568697926 -1096336417 48937 1 1 3
POS 190333 568697237 -1096337540 48945 1 1 3 568697920 -1096336441 48939 1 2 3
POS 190334 568697227 -1096337590 48948 1 1 3 568697901 -1096336457 48936 1 2 3
POS 190335 568697224 -1096337636 48948 1 1 3 568697870 -1096336475 48935 1 1 3
POS 190336 568697221 -1096337678 48950 1 1 3 568697841 -1096336494 48935 1 1 3
POS 190337 568697217 -1096337721 48951 1 1 3 568697815 -1096336509 48933 1 1 3
POS 190338 568697213 -1096337762 48952 1 1 3 568697785 -1096336530 48934 1 1 3
POS 190339 568697212 -1096337755 48951 1 1 3 568697762 -1096336547 48933 1 1 3
POS 190340 568697231 -1096337736 48948 1 1 3 568697765 -1096336545 48934 1 2 3
POS 190341 568697261 -1096337712 48949 1 1 3 568697799 -1096336540 48932 1 2 3
POS 190342 568697290 -1096337679 48942 1 1 3 568697847 -1096336532 48933 1 1 3
POS 190343 568697325 -1096337653 48942 1 1 3 568697894 -1096336521 48932 1 1 3
POS 190344 568697353 -1096337631 48938 1 1 3 568697944 -1096336517 48935 1 1 3
POS 190345 568697385 -1096337611 48940 1 1 3 568697988 -1096336510 48935 1 1 3
POS 190346 568697415 -1096337594 48941 1 1 3 568698033 -1096336507 48938 1 1 3
POS 190347 568697443 -1096337584 48941 1 1 3 568698074 -1096336506 48940 1 1 3
POS 190348 568697474 -1096337579 48942 1 1 3 568698110 -1096336506 48942 1 2 3
POS 190349 568697499 -1096337578 48941 1 1 3 568698148 -1096336509 48944 1 2 3
DO bucketSim dig
POS 190350 568697534 -1096337575 48943 1 1 3 568698178 -1096336512 48945 1 2 3
POS 190351 568697558 -1096337577 48939 1 1 3 568698216 -1096336517 48947 1 2 3
POS 190352 568697589 -1096337583 48946 1 1 3 568698240 -1096336520 48948 1 1 3
POS 190353 568697612 -1096337589 48943 1 1 3 568698273 -1096336527 48953 1 1 3
POS 190354 568697641 -1096337596 48943 1 1 3 568698294 -1096336533 48953 1 1 3
POS 190355 568697665 -1096337603 48943 1 1 3 568698323 -1096336538 48953 1 1 3
POS 190356 568697691 -1096337615 48946 1 1 3 568698345 -1096336543 48954 1 1 3
POS 190357 568697702 -1096337620 48946 1 1 3 568698369 -1096336553 48959 1 1 3
POS 190358 568697701 -1096337625 48945 1 1 3 568698380 -1096336556 48958 1 1 3
POS 190359 568697700 -1096337629 48945 1 1 3 568698376 -1096336558 48957 1 1 3
POS 190400 568697699 -1096337632 48945 1 1 3 568698373 -1096336558 48955 1 1 3
POS 190401 568697715 -1096337643 48949 1 1 3 568698370 -1096336559 48955 1 1 3
POS 190402 568697740 -1096337652 48951 1 1 3 568698384 -1096336567 48958 1 1 3
POS 190403 568697771 -1096337665 48953 1 1 3 568698406 -1096336572 48961 1 1 3
POS 190404 568697798 -1096337680 48954 1 1 3 568698434 -1096336582 48964 1 1 3
POS 190405 568697821 -1096337692 48953 1 1 3 568698458 -1096336592 48964 1 1 3
POS 190406 568697819 -1096337706 48954 1 1 3 568698478 -1096336601 48963 1 1 3
POS 190407 568697802 -1096337714 48952 1 1 3 568698471 -1096336606 48963 1 1 3
POS 190408 568697799 -1096337726 48956 1 1 3 568698446 -1096336605 48961 1 1 3
POS 190409 568697816 -1096337740 48960 1 1 3 568698436 -1096336610 48964 1 1 3
POS 190410 568697838 -1096337758 48962 1 1 3 568698448 -1096336618 48966 1 1 3
POS 190411 568697874 -1096337781 48962 1 1 3 568698463 -1096336626 48968 1 1 3
POS 190412 568697903 -1096337789 48960 1 1 3 568698492 -1096336642 48969 1 1 3
POS 190413 568697939 -1096337776 48962 1 1 3 568698521 -1096336648 48966 1 1 3
POS 190414 568697976 -1096337754 48973 1 1 3 568698565 -1096336645 48970 1 1 3
POS 190415 568698012 -1096337729 48981 1 1 3 568698618 -1096336643 48982 1 1 3
POS 190416 568698054 -1096337722 48996 1 1 3 568698669 -1096336639 48991 1 1 3
POS 190417 568698098 -1096337708 49001 1 1 3 568698725 -1096336649 49007 1 1 3
POS 190418 568698135 -1096337694 49003 1 1 3 568698780 -1096336652 49012 1 1 3
POS 190419 568698140 -1096337671 49001 1 1 3 568698828 -1096336653 49013 1 1 3
POS 190420 568698145 -1096337655 49004 1 1 3 568698843 -1096336643 49012 1 1 3
POS 190421 568698146 -1096337646 49004 1 1 3 568698855 -1096336639 49016 1 1 3
POS 190423 568698139 -1096337674 49005 1 1 3 568698865 -1096336639 49016 1 1 3
POS 190424 568698120 -1096337767 49010 1 1 3 568698843 -1096336648 49017 1 1 3
POS 190425 568698098 -1096337949 49016 1 1 3 568698779 -1096336678 49018 1 1 3
Do bucketSim dump
POS 190426 568698098 -1096338217 49017 1 1 3 568698672 -1096336744 49008 1 1 3
POS 190427 568698135 -1096338541 49027 1 1 3 568698512 -1096336889 49007 1 1 3
POS 190428 568698218 -1096338841 49038 1 1 3 568698349 -1096337114 49004 1 1 3
POS 190429 568698342 -1096339101 49046 1 1 3 568698224 -1096337380 49004 1 1 3
POS 190430 568698493 -1096339317 49059 1 1 3 568698143 -1096337670 49003 1 1 3
POS 190431 568698666 -1096339482 49075 1 1 3 568698102 -1096337977 49010 1 1 3
POS 190432 568698852 -1096339591 49091 1 1 3 568698102 -1096338284 49020 1 1 3
POS 190434 568699245 -1096339629 49108 1 1 3 568698223 -1096338846 49039 1 1 3
POS 190435 568699432 -1096339570 49113 1 1 3 568698331 -1096339084 49050 1 1 3
POS 190436 568699603 -1096339464 49120 1 1 3 568698464 -1096339282 49060 1 1 3
POS 190437 568699756 -1096339319 49126 1 1 3 568698617 -1096339439 49072 1 1 3
POS 190438 568699887 -1096339141 49126 1 1 3 568698782 -1096339550 49081 1 1 3
POS 190439 568699993 -1096338938 49126 1 1 3 568698953 -1096339615 49090 1 1 3
POS 190440 568700076 -1096338719 49128 1 1 3 568699124 -1096339637 49100 1 1 3
POS 190441 568700158 -1096338496 49129 1 1 3 568699296 -1096339616 49109 1 1 3
POS 190442 568700215 -1096338259 49125 1 1 3 568699483 -1096339564 49118 1 1 3
POS 190443 568700247 -1096337993 49119 1 1 3 568699664 -1096339473 49125 1 1 3
POS 190444 568700238 -1096337687 49111 1 1 3 568699851 -1096339333 49129 1 1 3
POS 190445 568700173 -1096337367 49099 1 1 3 568700036 -1096339118 49132 1 1 3
POS 190446 568700048 -1096337096 49087 1 1 3 568700198 -1096338829 49134 1 1 3
POS 190447 568699907 -1096336924 49080 1 1 3 568700295 -1096338511 49129 1 1 3
POS 190448 568699822 -1096336850 49072 1 1 3 568700307 -1096338261 49128 1 1 3
POS 190449 568699791 -1096336834 49070 1 1 3 568700300 -1096338129 49121 1 1 3
POS 190450 568699823 -1096336875 49069 1 1 3 568700282 -1096338101 49121 1 1 3
POS 190451 568699898 -1096336984 49077 1 1 3 568700270 -1096338179 49120 1 1 3
POS 190453 568700110 -1096337443 49099 1 1 3 568700191 -1096338614 49128 1 1 3
POS 190454 568700157 -1096337688 49107 1 1 3 568700088 -1096338905 49130 1 1 3
POS 190455 568700165 -1096337839 49105 1 1 3 568699968 -1096339124 49127 1 1 3
POS 190456 568700134 -1096337892 49106 1 1 3 568699878 -1096339242 49123 1 1 3
POS 190457 568700106 -1096337853 49104 1 1 3 568699820 -1096339279 49122 1 1 3
POS 190458 568700055 -1096337753 49097 1 1 3 568699822 -1096339252 49120 1 1 3
POS 190459 568700002 -1096337620 49088 1 1 3 568699838 -1096339179 49119 1 1 3
POS 190500 568699921 -1096337485 49084 1 1 3 568699876 -1096339071 49114 1 2 3
POS 190501 568699841 -1096337355 49077 1 1 3 568699898 -1096338945 49115 1 1 3
POS 190502 568699762 -1096337261 49069 1 1 3 568699914 -1096338813 49115 1 1 3
POS 190503 568699702 -1096337205 49067 1 1 3 568699914 -1096338705 49110 1 1 3
POS 190504 568699663 -1096337197 49062 1 1 3 568699902 -1096338636 49112 1 1 3
POS 190505 568699631 -1096337199 49061 1 1 3 568699877 -1096338624 49105 1 1 3
POS 190506 568699604 -1096337215 49057 1 1 3 568699842 -1096338626 49109 1 1 3
DO bucketSim dig
POS 190507 568699586 -1096337220 49051 1 1 3 568699808 -1096338645 49103 1 1 3
POS 190508 568699579 -1096337235 49050 1 1 3 568699787 -1096338650 49100 1 1 3
POS 190510 568699587 -1096337250 49055 1 1 3 568699770 -1096338677 49097 1 1 3
POS 190511 568699589 -1096337257 49054 1 1 3 568699768 -1096338686 49097 1 1 3
POS 190512 568699593 -1096337263 49050 1 1 3 568699763 -1096338695 49099 1 1 3
POS 190513 568699596 -1096337269 49050 1 1 3 568699762 -1096338703 49095 1 1 3
POS 190514 568699598 -1096337276 49052 1 1 3 568699760 -1096338710 49094 1 1 3
POS 190515 568699599 -1096337283 49056 1 1 3 568699757 -1096338719 49096 1 1 3
POS 190516 568699604 -1096337287 49055 1 1 3 568699753 -1096338727 49099 1 1 3
POS 190517 568699607 -1096337291 49055 1 1 3 568699753 -1096338732 49099 1 1 3
POS 190518 568699610 -1096337297 49054 1 1 3 568699753 -1096338737 49098 1 1 3
POS 190519 568699609 -1096337293 49053 1 1 3 568699752 -1096338743 49098 1 1 3
POS 190520 568699573 -1096337233 49051 1 1 3 568699752 -1096338739 49097 1 1 3
POS 190521 568699499 -1096337116 49046 1 1 3 568699768 -1096338665 49096 1 1 3
POS 190522 568699408 -1096337004 49041 1 1 3 568699793 -1096338511 49093 1 1 3
POS 190523 568699314 -1096336910 49035 1 1 3 568699807 -1096338340 49090 1 1 3
POS 190524 568699217 -1096336835 49027 1 1 3 568699809 -1096338174 49086 1 2 3
POS 190525 568699121 -1096336775 49020 1 1 3 568699799 -1096338015 49079 1 1 3
POS 190526 568699022 -1096336731 49016 1 1 3 568699780 -1096337861 49072 1 1 3
POS 190527 568698925 -1096336703 49012 1 1 3 568699750 -1096337716 49068 1 1 3
POS 190528 568698829 -1096336691 49011 1 1 3 568699713 -1096337581 49062 1 1 3
POS 190530 568698699 -1096336692 49006 1 1 3 568699622 -1096337346 49056 1 1 3
POS 190531 568698715 -1096336685 49002 1 1 3 568699598 -1096337296 49052 1 1 3
POS 190532 568698800 -1096336683 49003 1 1 3 568699604 -1096337320 49049 1 1 3
POS 190533 568698948 -1096336707 49008 1 1 3 568699647 -1096337432 49053 1 1 3
POS 190535 568699314 -1096336928 49025 1 1 3 568699760 -1096337890 49073 1 1 3
POS 190536 568699441 -1096337115 49034 1 1 3 568699781 -1096338216 49080 1 1 3
POS 190537 568699500 -1096337256 49042 1 1 3 568699733 -1096338510 49086 1 1 3
POS 190538 568699495 -1096337319 49043 1 1 3 568699678 -1096338693 49091 1 1 3
POS 190539 568699453 -1096337304 49043 1 1 3 568699627 -1096338766 49091 1 1 3
POS 190540 568699398 -1096337252 49033 1 1 3 568699605 -1096338747 49091 1 1 3
POS 190541 568699339 -1096337206 49033 1 1 3 568699593 -1096338684 49085 1 1 3
POS 190542 568699267 -1096337132 49025 1 1 3 568699576 -1096338624 49084 1 1 3
POS 190543 568699230 -1096337087 49017 1 1 3 568699571 -1096338523 49079 1 1 3
POS 190544 568699208 -1096337101 49018 1 1 3 568699572 -1096338458 49073 1 1 3
POS 190545 568699187 -1096337119 49018 1 1 3 568699545 -1096338474 49073 1 1 3
POS 190546 568699163 -1096337139 49019 1 1 3 568699514 -1096338496 49072 1 1 3
POS 190547 568699144 -1096337156 49019 1 1 3 568699480 -1096338523 49074 1 1 3
POS 190548 568699122 -1096337174 49019 1 1 3 568699450 -1096338545 49074 1 1 3
POS 190549 568699092 -1096337193 49021 1 1 3 568699416 -1096338568 49077 1 1 3
POS 190550 568699070 -1096337211 49024 1 1 3 568699378 -1096338590 49081 1 1 3
POS 190551 568699035 -1096337223 49026 1 1 3 568699346 -1096338613 49084 1 1 3
POS 190553 568698918 -1096337159 49015 1 1 3 568699288 -1096338590 49082 1 1 3
POS 190555 568698789 -1096337099 49010 1 1 3 568699239 -1096338472 49078 1 1 3
POS 190556 568698738 -1096337072 49005 1 1 3 568699206 -1096338421 49075 1 1 3
POS 190557 568698670 -1096337054 49003 1 1 3 568699187 -1096338371 49071 1 1 3
POS 190558 568698616 -1096337038 49001 1 1 3 568699149 -1096338331 49070 1 1 3
POS 190559 568698558 -1096337026 48999 1 1 3 568699122 -1096338291 49068 1 1 3
POS 190600 568698512 -1096337012 48992 1 1 3 568699087 -1096338258 49068 1 1 3
POS 190601 568698467 -1096337002 48990 1 1 3 568699059 -1096338226 49061 1 1 3
POS 190602 568698437 -1096336993 48989 1 1 3 568699037 -1096338193 49060 1 1 3
POS 190603 568698451 -1096337012 48991 1 1 3 568699024 -1096338165 49060 1 1 3
Do bucketSim dump
POS 190605 568698518 -1096337100 48992 1 1 3 568699019 -1096338289 49062 1 1 3
POS 190606 568698518 -1096337126 48989 1 1 3 568699007 -1096338366 49057 1 1 3
POS 190607 568698512 -1096337148 48986 1 1 3 568698984 -1096338412 49055 1 1 3
POS 190608 568698513 -1096337179 48987 1 1 3 568698964 -1096338445 49051 1 1 3
POS 190609 568698554 -1096337272 48992 1 1 3 568698941 -1096338495 49052 1 1 3
POS 190610 568698636 -1096337424 48996 1 1 3 568698905 -1096338635 49055 1 2 3
POS 190611 568698695 -1096337595 49000 1 1 3 568698856 -1096338847 49060 1 1 3
POS 190612 568698725 -1096337714 49001 1 1 3 568698784 -1096339050 49062 1 1 3
POS 190613 568698739 -1096337830 49001 1 1 3 568698728 -1096339174 49065 1 1 3
POS 190614 568698721 -1096337852 49000 1 1 3 568698670 -1096339286 49062 1 1 3
POS 190615 568698682 -1096337796 48993 1 1 3 568698639 -1096339306 49064 1 2 3
POS 190616 568698615 -1096337707 48984 1 1 3 568698645 -1096339255 49057 1 2 3
POS 190617 568698552 -1096337627 48977 1 1 3 568698650 -1096339166 49051 1 1 3
POS 190618 568698482 -1096337551 48975 1 1 3 568698660 -1096339077 49042 1 1 3
POS 190619 568698416 -1096337482 48964 1 1 3 568698659 -1096338986 49036 1 1 3
POS 190620 568698345 -1096337425 48961 1 1 3 568698653 -1096338900 49026 1 2 3
POS 190621 568698273 -1096337375 48956 1 1 3 568698644 -1096338818 49020 1 1 3
POS 190622 568698191 -1096337308 48955 1 1 3 568698627 -1096338737 49011 1 1 3
POS 190623 568698107 -1096337228 48950 1 1 3 568698617 -1096338626 49007 1 1 3
POS 190624 568698037 -1096337173 48945 1 1 3 568698616 -1096338481 48996 1 1 3
POS 190625 568698019 -1096337163 48942 1 1 3 568698611 -1096338362 48988 1 1 3
POS 190626 568698061 -1096337198 48945 1 1 3 568698606 -1096338339 48985 1 1 3
POS 190627 568698119 -1096337254 48950 1 1 3 568698608 -1096338415 48988 1 1 3
POS 190628 568698138 -1096337269 48950 1 1 3 568698608 -1096338525 48998 1 2 3
POS 190629 568698097 -1096337230 48947 1 1 3 568698609 -1096338552 48999 1 1 3
POS 190630 568697997 -1096337153 48944 1 1 3 568698610 -1096338479 48992 1 1 3
POS 190631 568697842 -1096337074 48942 1 1 3 568698598 -1096338313 48985 1 1 3
POS 190632 568697676 -1096337033 48946 1 1 3 568698558 -1096338079 48977 1 1 3
POS 190633 568697543 -1096337025 48949 1 1 3 568698494 -1096337855 48967 1 1 3
POS 190634 568697478 -1096337033 48951 1 1 3 568698424 -1096337689 48961 1 1 3
POS 190635 568697467 -1096337034 48951 1 1 3 568698385 -1096337612 48959 1 1 3
POS 190636 568697419 -1096337043 48951 1 1 3 568698379 -1096337598 48958 1 1 3
POS 190637 568697308 -1096337078 48953 1 1 3 568698348 -1096337543 48955 1 1 3
POS 190638 568697166 -1096337149 48960 1 1 3 568698268 -1096337423 48952 1 1 3
POS 190640 568697033 -1096337252 48968 1 1 3 568698052 -1096337203 48946 1 1 3
POS 190641 568697062 -1096337225 48965 1 1 3 568698020 -1096337178 48946 1 1 3
POS 190642 568697109 -1096337188 48965 1 1 3 568698048 -1096337201 48947 1 2 3
POS 190644 568697037 -1096337235 48968 1 1 3 568698086 -1096337251 48949 1 1 3
POS 190645 568697022 -1096337248 48966 1 1 3 568698025 -1096337225 48948 1 1 3
POS 190646 568697073 -1096337210 48963 1 1 3 568698009 -1096337208 48945 1 1 3
POS 190647 568697168 -1096337145 48961 1 1 3 568698058 -1096337236 48945 1 1 3
POS 190648 568697268 -1096337095 48958 1 1 3 568698149 -1096337323 48948 1 1 3
POS 190649 568697301 -1096337081 48953 1 1 3 568698232 -1096337419 48948 1 1 3
POS 190650 568697284 -1096337090 48955 1 1 3 568698253 -1096337469 48948 1 1 3
POS 190651 568697268 -1096337099 48956 1 1 3 568698234 -1096337489 48948 1 1 3
POS 190652 568697291 -1096337096 48954 1 1 3 568698218 -1096337503 48947 1 1 3
POS 190653 568697337 -1096337096 48952 1 1 3 568698226 -1096337568 48947 1 1 3
POS 190654 568697379 -1096337100 48951 1 1 3 568698246 -1096337664 48952 1 1 3
POS 190655 568697421 -1096337111 48948 1 1 3 568698263 -1096337756 48953 1 2 3
POS 190656 568697455 -1096337123 48945 1 1 3 568698275 -1096337846 48953 1 1 3
POS 190657 568697464 -1096337142 48946 1 1 3 568698280 -1096337932 48953 1 1 3
POS 190658 568697440 -1096337155 48946 1 1 3 568698269 -1096337991 48956 1 1 3
POS 190659 568697413 -1096337171 48949 1 1 3 568698243 -1096338010 48956 1 1 3
POS 190700 568697390 -1096337184 48949 1 1 3 568698213 -1096338028 48960 1 2 3
POS 190701 568697381 -1096337194 48951 1 1 3 568698187 -1096338048 48960 1 2 3
POS 190702 568697387 -1096337196 48952 1 1 3 568698175 -1096338065 48962 1 1 3
DO bucketSim dig
POS 190703 568697394 -1096337196 48952 1 1 3 568698179 -1096338073 48963 1 1 3
POS 190704 568697399 -1096337197 48952 1 1 3 568698181 -1096338081 48963 1 1 3
POS 190705 568697401 -1096337198 48952 1 1 3 568698183 -1096338087 48964 1 1 3
POS 190706 568697404 -1096337196 48949 1 1 3 568698183 -1096338091 48965 1 1 3
POS 190707 568697383 -1096337194 48950 1 1 3 568698185 -1096338091 48963 1 1 3
POS 190708 568697318 -1096337182 48952 1 1 3 568698176 -1096338063 48962 1 1 3
POS 190709 568697214 -1096337179 48960 1 1 3 568698146 -1096337977 48961 1 1 3
POS 190710 568697109 -1096337191 48964 1 1 3 568698092 -1096337849 48958 1 1 3
POS 190711 568697039 -1096337208 48967 1 1 3 568698029 -1096337725 48953 1 1 3
POS 190712 568697007 -1096337219 48967 1 1 3 568697982 -1096337647 48952 1 1 3
POS 190713 568697013 -1096337215 48966 1 1 3 568697958 -1096337613 48949 1 1 3
POS 190714 568697059 -1096337201 48964 1 1 3 568697963 -1096337616 48948 1 1 3
POS 190715 568697125 -1096337187 48962 1 1 3 568697996 -1096337665 48949 1 1 3
POS 190716 568697192 -1096337180 48959 1 1 3 568698040 -1096337742 48953 1 1 3
POS 190717 568697277 -1096337180 48956 1 1 3 568698079 -1096337821 48956 1 1 3
POS 190718 568697363 -1096337190 48951 1 1 3 568698127 -1096337926 48958 1 1 3
POS 190719 568697446 -1096337209 48948 1 1 3 568698169 -1096338037 48959 1 1 3
